6001	3225	1772	1469	1211	2208	4073	3908	5440	1418
3225	6001	3713	4135	944	5332	1833	5281	353	818
1772	3713	6001	780	1558	4336	2935	2862	5990	1390
1469	4135	780	6001	5892	2583	3670	833	3024	4355
1211	944	1558	5892	6001	1337	600	479	2805	1810
2208	5332	4336	2583	1337	6001	3038	1229	70	2478
4073	1833	2935	3670	600	3038	6001	2646	3782	964
3908	5281	2862	833	479	1229	2646	6001	3589	3466
5440	353	5990	3024	2805	70	3782	3589	6001	3149
1418	818	1390	4355	1810	2478	964	3466	3149	6001
